68.56
68.56
68.11
68.56
68.56
68.56
68.56
68.56
68.56
68.56
68.56
68.56
68.56
68.56
69.01
68.56
68.56
68.56
68.56
68.56
68.56
68.56
68.56
68.56
68.56
68.56
68.56
68.56
68.56
68.56
68.56
68.56
68.56
68.56
68.56
68.56
68.56
69.01
68.56
68.56
68.56
68.56
68.11
68.56
68.56
68.56
68.56
68.56
68.56
68.56
68.56
69.01
68.56
68.56
68.56
68.56
68.56
68.56
68.56
68.56
68.56
68.56
68.56
68.56
68.56
68.56
68.56
68.56
68.56
68.56
68.56
68.56
68.56
68.11
68.56
68.56
68.56
68.56
68.56
68.56
68.56
68.56
68.56
68.56
68.56
68.56
68.56
68.56
68.56
68.56
68.56
68.56
68.56
68.56
68.56
68.56
68.56
68.56
68.56
68.56
68.56
68.56
68.56
68.56
68.56
68.56
68.56
68.56
68.56
68.56
68.56
68.56
68.56
68.56
68.56
68.56
68.56
68.56
68.56
68.56
68.56
68.56
68.56
68.56
68.56
68.56
68.56
68.56
68.56
68.56
68.56
68.56
68.56
68.56
68.56
68.56
68.56
68.56
68.56
68.56
68.56
68.56
68.56
68.56
68.56
68.56
68.56
68.56
68.56
68.56
68.56
68.56
68.56
68.56
68.56
68.56
68.56
68.11
68.56
68.56
68.56
68.56
68.56
68.56
68.56
68.56
68.56
68.56
68.56
68.56
68.56
68.56
68.56
68.56
68.56
68.56
68.56
68.56
68.56
68.56
68.56
68.56
68.56
68.56
68.56
68.56
68.56
68.56
68.56
68.56
68.45
68.56
68.45
68.45
68.45
68.45
68.45
68.9
68.45
68.45
68.45
68.45
68.45
68.45
68.45
68.45
68.56
68.45
68.45
68.45
68.45
68.45
68.45
68.45
68.45
68.45
68.45
68.9
68.45
68.45
68.45
68.45
68.45
68.45
68.9
68.45
68.45
68.45
68.45
68.45
68.45
68.45
68.45
68.45
68.45
68.45
68.9
68.45
68.45
68.45
68.45
68.45
68.45
68.9
68.45
68.9
68.9
68.45
68.45
68.45
68.9
68.9
68.9
68.45
68.45
68.9
68.45
68.45
68.45
68.45
68.9
68.9
68.45
68.9
68.45
68.45
68.9
68.45
68.45
68.9
68.45
68.9
68.9
68.45
68.9
68.45
68.9
68.45
68.45
68.9
68.9
68.9
68.45
68.45
68.9
68.45
68.45
68.9
68.9
68.45
68.45
68.45
68.45
68.9
68.45
68.45
68.9
68.45
68.45
68.9
68.45
68.45
68.9
68.9
68.9
68.45
68.45
68.9
68.45
68.9
68.45
68.9
68.45
68.45
68.45
68.45
68.45
68.9
68.9
68.45
68.9
68.9
68.9
68.45
68.45
68.9
68.9
68.45
68.45
68.45
68.45
68.45
68.9
68.9
68.45
68.45
68.45
68.45
68.45
68.45
68.45
68.9
68.9
68.9
68.45
68.45
68.45
68.45
68.45
69.01
68.45
68.9
68.45
68.45
68.45
68.45
68.45
68.45
68.45
68.45
68.45
68.45
68.45
68.9
68.9
68.45
68.45
68.9
68.9
68.45
68.45
68.45
68.9
68.45
68.45
68.45
68.9
68.45
68.9
68.45
68.45
68.45
68.45
68.45
68.45
68.45
68.45
68.9
68.45
69.01
68.56
68.9
68.45
68.45
68.56
68.45
68.45
68.45
68.45
68.45
68.45
68.45
68.9
68.45
68.9
68.45
68.9
68.56
68.56
69.01
68.45
68.45
68.45
68.45
68.45
68.56
68.56
68.56
68.56
68.11
68.56
68.56
68.56
68.56
68.56
68.9
68.45
68.9
68.9
68.9
68.45
68.9
68.9
68.45
68.9
68.45
68.45
68.9
68.9
68.56
68.56
68.56
68.56
68.56
68.56
68.56
68.56
68.56
68.56
68.56
68.56
68.56
68.56
68.56
68.56
68.56
68.56
68.56
68.56
68.56
68.56
68.56
68.56
69.01
68.56
68.56
68.56
69.01
69.01
69.01
68.9
68.9
69.01
69.35
69.35
69.91
69.91
69.91
69.91
70.25
70.25
69.91
70.36
69.8
70.25
70.81
70.7
70.25
70.25
70.25
70.7
70.36
70.81
70.81
70.81
70.36
70.81
70.7
70.7
70.81
71.26
70.81
70.7
70.81
71.26
70.81
71.26
71.15
71.15
71.15
71.26
71.26
71.6
71.6
71.6
71.6
71.71
71.6
71.6
71.6
71.6
71.6
72.16
72.05
72.05
72.05
72.05
73.96
74.41
74.3
74.3
73.96
73.96
73.96
73.85
73.51
73.4
73.51
73.51
73.85
73.4
73.4
73.85
73.85
73.4
73.51
73.51
73.51
73.51
73.51
73.51
73.51
73.51
73.4
73.4
73.4
73.51
73.4
73.4
73.51
73.4
73.4
72.95
72.95
72.95
72.95
72.95
72.95
72.95
73.06
72.95
72.95
72.95
72.95
72.95
72.61
72.5
72.95
72.95
72.61
72.5
72.5
72.5
72.95
72.95
72.95
72.5
72.5
72.5
72.5
72.5
72.5
72.61
72.5
72.61
72.61
72.05
72.61
72.5
72.05
72.05
72.05
72.05
72.05
72.05
72.05
72.05
72.05
72.05
72.05
72.05
71.6
72.05
72.05
72.05
72.16
71.6
71.71
71.6
71.6
71.6
71.6
71.6
71.6
71.6
71.6
71.6
71.6
71.6
71.6
71.6
71.6
71.6
71.6
71.6
71.6
71.6
71.6
71.6
71.15
71.6
71.6
71.6
71.15
71.6
71.15
71.15
71.15
71.15
71.15
71.15
71.15
71.15
71.15
71.15
71.15
71.15
71.15
71.15
71.15
71.15
71.15
71.15
71.15
71.15
70.7
71.15
71.15
71.15
71.15
71.15
70.7
70.81
71.15
70.7
70.7
70.7
70.7
70.81
70.7
70.7
70.7
70.81
71.15
70.7
70.81
70.81
70.81
70.81
70.7
70.81
70.81
70.36
70.7
70.81
70.81
70.81
70.81
70.81
70.81
70.81
70.7
70.81
70.81
70.36
70.7
70.7
70.81
70.7
70.25
70.7
70.25
70.7
70.81
70.25
70.81
70.36
70.36
70.36
70.36
70.36
70.36
70.81
75.31
83.41
86.45
85.55
84.2
82.85
84.31
95.56
106.36
114.46
121.1
119.3
114.8
109.85
108.95
106.7
104.9
103.1
101.75
100.85
99.16
102.76
118.96
130.21
134.26
153.95
158.9
152.15
146.3
164.75
163.4
161.6
158.9
156.2
157.55
180.95
182.41
179.71
175.66
196.25
198.05
191.3
186.35
182.75
179.6
175.55
174.65
172.4
169.25
172.06
195.91
196.36
190.06
192.76
216.05
212.9
205.7
201.65
197.6
194.9
191.75
188.15
187.7
184.55
189.16
205.81
204.01
198.61
204.35
222.8
217.85
211.55
207.5
204.35
202.1
198.95
196.7
192.2
191.3
199.06
213.46
209.41
206.71
211.21
227.3
221.0
215.15
212.0
208.85
206.6
204.35
202.1
199.4
198.05
206.71
220.66
215.26
209.86
222.91
235.85
228.2
222.8
219.2
216.5
214.25
211.55
209.75
206.6
202.55
226.06
226.06
219.31
216.16
230.0
239.0
231.35
225.05
222.35
219.65
217.4
214.7
212.45
208.4
206.26
221.56
224.26
222.46
217.96
235.06
240.8
232.25
227.3
223.7
221.45
218.75
216.5
214.25
209.75
208.06
223.81
227.86
219.76
218.86
240.35
240.8
233.6
229.55
226.4
223.7
221.45
218.75
216.05
212.0
214.36
235.51
232.81
225.61
239.0
244.4
243.05
235.4
230.9
228.2
225.5
223.25
221.0
218.3
214.25
219.31
235.96
233.71
228.31
227.86
248.0
244.85
238.1
234.05
231.8
228.65
225.95
224.15
221.45
217.4
223.36
242.26
236.41
230.11
235.4
252.95
242.15
240.35
236.75
234.5
231.35
228.65
225.95
222.8
219.31
225.61
241.36
235.96
233.26
243.16
255.2
247.55
238.1
236.75
234.05
231.8
229.55
227.3
224.15
218.86
234.61
240.46
238.55
229.21
241.25
252.05
244.4
239.45
234.05
233.15
230.9
228.65
226.85
223.7
220.66
235.51
242.71
235.96
231.46
246.65
254.3
246.2
241.7
238.55
234.05
233.6
230.9
228.65
225.05
222.46
239.56
244.06
238.66
234.61
250.25
253.85
245.75
241.25
238.55
235.4
231.35
230.45
228.65
224.6
224.6
239.56
240.46
234.61
233.71
254.3
252.95
245.3
241.25
238.55
236.3
234.05
230.45
229.1
224.6
225.61
244.96
243.16
239.56
238.66
257.9
254.3
246.2
240.35
237.65
235.4
233.15
230.9
224.6
223.25
227.75
245.86
241.36
235.06
240.46
259.25
253.4
246.65
242.6
239.45
237.2
234.05
231.35
228.2
223.36
232.36
244.51
238.21
234.61
242.15
255.65
249.35
243.05
239.9
237.2
234.95
232.7
230.45
227.3
222.8
244.51
244.96
237.76
232.36
241.36
254.75
247.55
242.15
239.0
236.3
233.6
231.35
229.1
225.95
222.8
238.66
238.66
236.41
231.91
246.76
254.75
247.1
242.6
239.0
236.75
234.05
232.25
230.0
226.4
223.81
240.46
244.96
235.06
233.71
250.7
254.75
247.1
240.35
237.65
235.85
233.15
230.9
227.75
223.7
222.91
241.36
239.56
237.2
243.5
249.35
250.25
243.05
237.65
234.5
232.25
230.0
227.75
225.5
221.9
223.81
242.26
239.56
232.36
231.46
253.4
250.7
243.05
239.0
236.75
234.05
231.8
229.55
227.75
224.15
226.51
246.31
243.16
237.31
239.56
256.1
245.75
243.95
240.35
238.1
235.85
233.15
230.9
229.1
225.5
230.56
248.45
243.61
237.76
240.91
257.0
251.6
240.35
239.45
236.75
234.5
232.25
230.0
227.3
222.35
233.26
244.96
239.11
234.61
243.61
257.0
250.7
244.85
239.0
237.65
235.4
232.7
230.45
225.5
221.9
238.21
242.26
234.61
229.66
241.25
252.95
246.65
240.8
236.75
232.7
231.8
228.2
225.95
222.8
222.91
241.81
243.61
236.86
233.71
248.11
256.55
248.9
243.95
240.35
236.86
227.86
228.76
228.2
224.6
220.66
236.86
240.01
235.96
234.61
246.76
246.2
240.35
235.06
231.46
228.31
227.3
223.36
222.46
218.86
218.86
231.91
240.8
233.26
231.91
234.05
242.15
252.61
251.26
244.51
243.5
237.76
235.4
230.45
229.1
226.06
222.46
221.45
216.61
212.11
209.41
206.71
204.46
204.01
216.95
234.16
244.51
238.66
233.26
223.81
223.81
231.46
247.66
248.9
243.05
236.41
232.81
228.31
226.96
222.91
222.46
217.85
216.61
214.36
213.01
209.86
209.41
203.56
204.01
219.2
236.3
239.56
234.61
228.76
225.05
224.71
236.75
249.46
250.81
247.21
239.45
231.46
229.21
228.76
223.36
218.41
220.21
217.96
214.81
212.56
211.66
209.41
205.81
211.66
226.96
237.31
239.56
229.21
226.51
224.26
227.41
239.56
255.31
251.71
245.41
236.86
236.86
231.46
230.11
226.06
223.81
222.91
219.31
220.21
219.76
217.51
213.91
210.76
217.06
230.11
247.21
244.06
236.41
230.56
226.96
232.81
252.95
258.91
258.01
242.26
239.56
236.86
233.26
230.56
228.31
227.75
225.95
223.81
218.41
216.16
213.91
210.31
208.96
219.2
234.61
248.11
246.31
238.21
232.81
230.56
237.31
253.51
262.06
253.96
245.75
238.21
235.06
229.66
227.86
225.61
224.71
220.66
222.01
221.56
218.41
216.61
213.46
212.11
223.36
238.66
247.21
242.71
235.06
231.46
232.81
243.61
259.25
255.76
251.71
242.71
235.06
231.01
231.46
228.76
224.71
225.61
223.81
222.01
218.86
215.71
212.11
208.51
212.11
237.31
242.26
246.76
240.46
233.26
228.31
228.31
239.11
253.51
256.66
249.8
241.7
235.51
232.81
231.01
228.31
226.51
225.61
223.36
220.55
218.86
216.61
211.66
210.76
216.05
232.36
244.06
242.71
235.06
230.11
225.61
230.56
253.51
255.76
251.71
244.96
240.01
233.26
230.11
232.36
230.56
229.21
226.06
222.01
223.7
222.01
218.86
214.36
215.6
220.1
236.41
250.25
250.25
243.5
238.21
234.95
240.35
255.65
261.5
253.51
245.86
237.31
235.96
234.16
231.8
230.9
225.61
223.81
220.21
218.86
216.16
213.01
209.86
207.61
218.41
234.95
239.45
232.7
226.96
218.86
217.85
217.96
229.21
235.85
231.8
226.51
222.46
218.75
216.05
211.66
210.31
208.96
208.06
203.11
201.76
201.76
197.71
196.81
195.46
202.66
217.06
223.36
221.56
220.66
215.26
215.6
222.46
235.51
235.06
228.31
222.8
218.75
214.25
213.01
210.76
208.96
206.71
204.8
203.56
200.41
199.51
195.91
192.76
192.31
201.2
216.16
225.61
222.46
214.81
213.46
216.5
226.06
236.86
232.81
226.06
221.11
217.51
214.81
213.35
211.1
209.3
206.71
203.56
201.31
197.71
197.71
192.76
192.31
194.11
207.61
222.46
223.81
220.66
216.61
214.81
221.11
233.15
237.2
231.01
224.71
229.55
229.66
226.4
221.45
217.06
218.86
230.56
240.91
238.21
230.9
224.15
219.31
216.61
214.25
212.45
210.65
207.5
207.16
204.46
201.76
199.06
195.91
190.06
191.41
204.46
220.1
226.4
223.7
221.45
220.55
226.06
231.8
231.01
228.31
222.46
217.96
214.81
211.1
209.41
207.5
204.91
203.56
200.41
198.61
197.71
196.36
194.56
190.96
200.86
208.06
221.11
224.71
219.76
217.06
216.16
220.21
232.81
236.86
232.36
225.05
220.1
216.61
214.36
213.01
208.96
208.51
206.71
204.91
202.66
200.41
196.7
193.21
193.21
200.41
216.05
223.7
222.46
217.96
213.01
211.66
231.01
235.85
238.21
232.25
224.26
219.31
215.26
211.21
212.9
210.65
207.61
205.36
201.31
199.06
196.25
193.66
190.4
191.3
199.51
213.8
220.66
219.31
214.81
213.01
217.4
227.75
237.31
237.31
229.66
222.46
214.36
209.41
207.95
207.61
205.7
204.35
202.55
201.2
199.96
197.71
194.56
192.31
193.21
208.85
220.66
225.16
220.66
216.5
215.26
217.96
229.21
237.76
234.16
227.75
222.01
214.81
213.91
211.66
210.2
208.06
206.26
204.01
202.55
200.41
195.01
193.66
192.2
194.45
204.46
220.66
222.91
218.41
214.81
213.91
223.25
233.71
236.41
231.91
224.6
217.51
211.66
211.21
208.06
206.26
204.01
201.76
200.86
199.51
195.46
193.66
190.06
188.26
194.11
211.1
222.46
223.36
217.06
215.6
214.36
221.11
235.06
237.31
230.56
223.81
219.76
216.61
214.36
211.66
210.31
208.06
206.71
204.46
199.51
199.06
198.61
194.11
193.21
205.36
224.26
230.11
227.41
222.01
217.06
218.86
230.11
240.91
239.56
230.11
220.66
219.31
217.51
216.16
214.25
212.0
210.31
208.06
205.36
203.11
199.06
194.11
191.86
193.21
205.36
220.66
227.41
225.16
218.86
216.16
218.41
227.86
239.11
235.96
229.66
224.6
220.21
218.3
216.16
212.56
210.31
206.26
202.21
201.31
200.41
197.26
196.36
195.91
197.71
195.46
192.76
191.41
190.06
186.91
184.66
185.11
182.75
182.75
180.16
181.4
182.3
182.3
181.4
180.5
180.05
179.15
177.8
177.35
176.45
176.11
177.01
178.36
178.36
183.76
181.51
180.16
177.46
176.11
175.66
173.86
173.86
172.51
175.66
183.76
187.25
186.35
185.9
184.1
182.3
180.95
178.7
177.8
177.35
174.76
174.76
177.91
180.61
186.91
190.96
190.51
186.46
184.21
181.06
180.61
177.91
176.56
178.36
179.26
179.26
177.46
179.15
178.25
177.8
176.9
175.55
174.2
173.3
171.61
172.51
174.76
175.21
179.71
187.81
186.46
185.0
182.86
180.5
178.25
176.56
174.76
175.21
178.36
187.36
190.96
190.96
188.6
186.35
184.1
181.4
180.95
178.7
177.35
174.76
174.31
173.41
178.81
184.66
190.51
192.31
190.06
185.11
181.96
180.61
178.81
177.35
176.11
177.91
182.41
183.31
181.51
180.16
178.7
177.35
175.55
174.65
172.85
171.16
171.61
172.06
173.41
175.66
179.6
183.31
182.86
180.61
177.46
175.21
175.21
173.75
170.71
170.71
174.31
179.71
181.96
181.96
181.85
178.7
177.8
176.0
174.76
173.3
171.61
171.95
172.4
174.76
176.11
182.86
187.81
186.01
183.31
179.71
177.91
176.11
175.21
171.16
176.0
182.3
187.7
188.6
187.25
185.45
183.2
181.4
180.05
176.45
176.9
173.86
173.41
174.76
176.11
178.81
184.66
186.91
185.11
183.31
179.26
177.91
176.56
174.76
175.21
177.01
181.06
181.96
181.51
180.05
180.05
178.7
176.45
175.55
174.2
173.3
170.71
171.16
172.06
175.66
176.45
177.46
180.61
179.26
176.11
173.86
172.96
172.51
172.51
171.16
172.51
179.71
184.21
184.66
183.31
181.4
179.15
176.9
175.55
174.2
170.71
170.71
170.71
171.61
173.86
176.56
181.51
184.66
181.51
178.36
175.66
176.0
172.51
172.96
172.51
172.96
180.61
182.41
182.86
182.41
180.05
178.7
177.35
174.65
173.75
171.16
170.26
171.16
170.71
172.51
177.01
181.06
180.61
177.01
176.9
174.31
172.06
170.71
170.26
170.26
175.21
180.61
182.86
182.41
182.3
180.05
178.25
176.0
174.31
172.06
170.26
169.36
169.81
172.06
177.01
184.66
191.86
191.86
186.91
185.56
181.51
180.95
176.56
175.21
176.11
182.41
182.86
185.11
182.86
183.2
181.85
180.05
178.7
175.21
175.1
172.96
171.16
170.71
173.41
177.91
186.91
192.76
191.41
189.16
185.56
183.2
177.91
178.36
174.76
177.91
185.56
189.16
189.61
189.16
185.56
186.8
185.0
181.96
180.95
180.16
176.11
177.46
176.56
182.41
186.01
192.31
194.11
190.51
189.61
186.01
185.11
182.86
179.71
180.16
181.96
188.26
190.96
194.11
191.75
190.4
188.15
185.9
184.55
182.75
178.81
177.01
176.56
178.81
183.31
190.51
193.55
195.46
191.41
189.5
185.11
184.66
183.31
179.26
177.91
182.41
190.51
190.96
190.96
189.16
189.05
186.35
185.9
184.1
182.75
178.36
178.81
178.81
179.71
182.86
188.26
195.01
196.25
191.86
189.61
187.81
183.31
181.51
180.61
178.81
180.16
181.51
181.06
181.51
181.06
181.85
180.95
179.6
175.66
177.35
173.41
172.96
173.41
176.11
176.56
179.26
181.51
181.96
178.36
176.56
175.66
174.31
172.51
170.71
171.16
175.21
177.01
175.66
175.66
176.56
175.21
173.86
172.51
173.3
171.61
174.76
178.36
179.71
179.26
178.36
178.25
176.0
172.51
170.26
170.26
167.9
167.9
166.55
167.0
165.76
162.61
161.26
160.36
159.01
157.21
155.86
154.51
152.71
152.71
152.71
151.7
153.05
153.05
153.95
153.5
152.6
152.6
151.7
151.25
150.8
151.25
151.7
152.6
154.4
156.2
159.35
159.46
157.21
154.96
153.16
152.26
150.91
149.56
149.11
151.7
159.35
164.3
166.1
163.4
161.15
159.35
157.55
156.2
153.95
153.95
152.6
151.7
151.25
150.8
149.11
153.16
164.41
176.56
179.71
177.01
173.41
170.6
172.06
176.0
190.4
191.3
187.25
183.2
180.05
176.9
174.2
171.95
170.15
168.35
167.0
166.55
165.2
163.85
162.5
159.91
180.61
188.26
195.46
192.76
187.36
183.76
181.51
184.21
188.71
192.31
194.56
197.26
195.46
191.75
188.6
185.9
188.15
187.7
190.85
195.8
194.45
191.3
188.15
186.35
184.55
183.2
190.96
201.65
208.06
206.15
203.0
204.35
216.5
218.3
215.6
210.65
206.15
202.55
199.4
196.7
194.45
191.75
189.5
187.25
185.0
183.65
181.4
180.05
178.36
177.46
177.91
188.26
196.36
195.46
193.66
193.66
199.85
204.01
207.95
204.35
200.3
196.7
194.45
193.1
189.5
188.6
186.35
185.0
182.75
180.5
178.7
176.9
176.0
174.65
172.51
170.26
169.81
168.46
172.96
178.36
176.56
175.66
174.76
173.75
171.95
170.15
168.8
167.0
165.65
164.75
163.4
162.05
161.15
159.8
158.9
157.55
156.2
155.75
154.4
152.26
150.91
150.01
150.01
154.51
159.46
159.01
157.21
156.31
154.85
153.5
151.7
150.35
148.1
147.65
146.3
145.4
144.05
143.15
142.7
141.8
140.9
140.45
140.0
136.85
137.41
136.51
136.06
141.46
176.11
177.91
179.26
174.31
170.6
166.55
162.95
160.7
158.45
156.65
154.4
153.05
151.7
150.35
149.45
147.65
145.85
145.85
144.05
142.7
140.11
139.66
138.31
136.96
141.46
163.96
172.51
170.26
164.86
162.05
158.45
155.3
149.9
149.45
148.1
146.75
145.4
144.16
141.01
140.56
140.11
145.06
163.06
179.71
188.6
181.51
176.56
171.95
165.65
164.3
161.6
158.9
156.65
154.85
153.05
151.25
149.9
148.55
147.2
145.85
144.95
144.05
141.91
141.46
139.66
139.66
145.51
163.51
176.11
181.96
176.56
172.06
167.9
164.75
162.05
159.35
156.65
154.4
153.05
151.25
149.0
148.55
147.2
145.85
144.95
143.6
142.7
140.56
139.66
138.76
138.31
145.51
170.71
186.01
190.51
185.11
176.0
174.2
170.15
166.1
162.95
160.25
158.45
156.2
154.4
152.6
151.25
149.9
149.0
147.65
146.3
144.95
141.46
141.46
141.01
144.16
160.81
185.11
199.06
197.71
192.2
186.01
180.95
177.35
173.75
171.05
168.35
165.2
162.05
161.6
159.8
158.45
156.2
154.85
153.05
151.25
150.01
146.86
145.96
145.06
144.61
153.95
171.61
176.56
171.95
169.36
166.1
163.4
160.7
158.9
156.2
154.4
153.5
151.7
150.8
149.45
148.1
147.2
146.3
145.4
143.15
141.01
140.11
139.66
137.86
143.26
161.71
177.01
185.11
180.16
175.21
171.5
167.9
164.3
161.6
158.9
155.75
155.3
153.5
152.15
151.25
149.9
149.0
147.65
146.3
144.95
141.91
141.46
140.56
139.66
143.71
165.31
174.76
174.76
170.26
166.21
163.4
161.15
158.45
156.65
154.4
152.15
150.8
149.0
147.65
146.3
144.95
144.05
142.25
141.8
141.01
138.76
137.86
137.86
138.31
145.96
167.56
175.21
172.96
168.91
164.75
161.15
158.45
156.2
152.6
151.7
150.35
148.55
147.65
146.3
144.95
143.6
142.7
141.35
140.45
138.2
136.51
135.61
135.16
136.51
163.85
162.5
159.8
157.55
155.75
153.95
152.15
151.25
149.45
148.55
146.75
145.85
144.5
143.6
142.36
140.56
138.76
138.76
139.21
153.16
176.56
186.01
183.76
177.46
173.75
169.25
165.2
162.05
159.35
157.1
155.3
153.95
151.7
151.25
149.45
148.55
146.75
145.4
144.05
143.15
140.56
139.66
139.21
141.01
152.26
165.31
173.86
172.51
166.1
164.75
161.15
158.45
156.2
154.4
152.6
151.25
149.9
148.55
147.2
146.3
145.4
144.05
143.15
142.25
153.05
152.15
151.25
149.45
148.1
147.2
145.85
144.95
143.6
142.7
140.56
138.76
137.41
136.51
136.96
147.76
140.0
139.55
138.2
137.3
136.4
133.81
132.91
132.46
132.01
138.76
155.41
163.96
166.21
162.16
158.45
155.75
149.0
148.1
146.3
144.95
144.05
142.7
141.35
140.45
138.31
138.31
136.96
136.96
140.11
158.56
170.26
172.51
165.31
163.96
162.05
158.45
155.75
153.05
151.25
149.9
148.55
146.3
144.5
143.15
142.25
140.9
139.55
138.65
135.61
135.61
134.26
133.81
134.26
145.06
162.61
172.51
173.86
169.36
164.75
161.6
158.45
155.3
153.05
151.25
148.1
147.65
145.85
144.95
143.15
141.8
140.9
140.0
138.65
138.2
135.61
134.26
133.81
135.61
146.86
163.51
169.36
168.46
163.51
160.25
157.1
153.95
151.25
149.45
147.2
145.4
143.6
142.7
140.9
140.45
139.1
137.75
136.4
136.4
134.26
131.56
131.11
130.66
136.06
153.61
164.41
173.41
169.81
163.96
161.6
157.55
154.85
152.6
149.45
148.55
147.2
145.85
144.5
143.15
141.35
140.45
139.1
137.75
136.4
134.26
133.36
132.46
132.01
138.76
158.56
161.71
164.86
160.36
156.76
154.85
152.15
150.35
148.1
146.3
144.5
143.6
142.25
140.9
140.0
138.65
136.4
135.95
135.05
134.15
131.56
130.66
130.21
129.76
135.16
153.61
161.71
162.16
159.01
154.51
151.25
149.0
145.4
144.95
143.15
141.35
139.55
138.2
137.3
135.95
134.6
133.25
132.35
131.45
130.55
128.41
127.96
127.96
135.61
139.66
154.51
162.16
159.46
156.31
153.16
150.8
148.1
145.85
143.6
141.8
140.45
138.65
137.75
135.95
134.15
133.7
132.8
132.35
131.45
130.21
128.41
127.96
127.96
128.41
141.46
153.61
162.16
158.56
154.96
152.15
148.1
147.2
145.4
143.6
142.25
140.9
139.55
138.2
136.85
135.95
135.05
134.15
133.25
132.35
130.21
129.31
127.96
127.51
130.66
146.41
156.76
162.61
157.66
154.06
151.7
149.45
146.75
144.95
143.6
142.25
140.9
139.55
138.2
137.75
136.85
135.95
135.05
134.15
132.8
130.21
129.76
129.31
128.41
133.81
153.16
161.26
159.91
155.41
151.25
150.35
147.65
145.4
143.15
141.35
140.0
138.65
137.75
136.85
135.5
134.6
133.7
132.8
131.9
130.55
127.51
127.06
126.16
127.06
137.41
156.31
164.41
162.61
158.56
155.3
152.15
149.9
147.65
145.4
144.05
142.25
140.45
140.0
138.65
137.3
135.95
135.05
133.7
132.8
131.45
129.31
128.41
127.51
129.31
137.41
151.36
157.21
152.26
151.36
149.0
146.3
144.5
142.25
140.9
139.55
138.2
137.3
135.5
134.6
133.7
132.35
131.0
130.1
128.86
128.41
126.16
125.26
125.26
128.41
139.66
149.11
159.46
156.31
152.26
149.9
146.75
144.5
142.25
140.45
138.2
137.3
135.95
135.05
133.7
132.8
131.9
130.55
130.1
129.65
127.51
126.61
126.16
125.26
131.56
151.81
168.46
168.01
163.96
159.46
156.2
152.6
149.45
147.2
144.95
143.15
141.8
140.9
139.55
138.2
137.3
136.4
135.05
135.05
133.81
131.11
130.21
129.76
128.86
130.66
143.26
151.36
150.91
147.31
145.51
143.6
141.35
140.0
137.3
136.85
135.5
134.15
133.25
131.9
131.0
130.1
129.2
128.75
127.4
126.16
124.36
123.91
123.46
123.91
144.61
147.76
153.16
151.36
147.76
145.85
142.7
140.9
139.1
137.3
135.95
134.6
133.25
131.9
131.0
130.1
128.75
128.3
127.4
126.95
125.71
123.91
123.46
123.01
127.06
139.66
150.46
159.46
155.86
152.6
149.45
146.3
142.7
141.8
140.45
139.1
137.3
135.5
134.6
133.7
132.8
131.9
131.0
130.1
128.75
126.61
126.16
125.26
128.86
131.11
149.56
156.31
163.06
159.91
155.86
153.05
149.9
147.65
145.4
143.6
142.25
140.9
139.1
138.2
136.4
135.95
135.05
134.15
133.25
132.46
129.76
128.86
127.96
127.96
134.26
151.36
161.26
162.16
158.11
154.85
150.8
150.35
147.65
145.4
143.15
141.8
140.9
140.0
138.65
137.75
136.85
135.5
134.15
133.25
131.11
129.76
129.31
130.55
131.56
140.11
156.76
167.56
166.66
162.16
159.46
156.2
153.05
151.25
148.55
146.75
144.95
143.6
140.45
140.0
138.65
137.3
136.4
135.5
134.6
133.36
131.56
131.11
131.11
136.06
154.06
171.61
181.06
178.36
169.81
167.9
164.3
161.15
158.45
155.75
153.95
151.7
149.9
148.55
146.75
145.4
144.5
142.7
141.35
140.45
136.51
136.06
136.51
134.71
141.01
157.66
168.01
176.56
172.06
166.21
163.4
159.8
156.65
153.95
151.7
150.35
148.1
147.65
145.85
144.95
144.05
142.7
141.35
140.0
139.1
136.51
136.06
135.16
134.26
138.31
159.91
168.91
166.21
164.41
159.91
157.55
154.85
153.05
150.8
149.0
147.65
145.85
144.5
142.7
141.35
140.0
138.65
137.75
136.06
134.71
133.36
132.46
132.46
131.56
137.86
156.31
162.16
161.26
157.21
153.95
152.15
149.45
147.65
145.85
143.6
143.15
141.35
140.45
139.1
138.2
136.85
136.4
135.5
134.15
132.46
130.66
130.21
129.31
130.66
139.21
163.06
167.11
166.21
160.81
157.55
154.4
151.25
149.0
147.2
144.95
143.15
141.8
140.56
138.65
137.3
136.4
134.15
133.7
132.35
130.55
129.31
128.86
128.86
132.46
146.41
163.96
170.26
166.66
162.5
158.9
155.3
151.7
148.1
147.2
145.85
144.05
142.7
141.35
140.45
138.65
137.3
135.95
135.5
134.15
131.56
130.66
129.31
129.76
148.66
157.66
170.26
175.66
170.71
165.76
162.05
158.9
155.75
153.95
151.7
149.9
147.65
145.85
144.5
142.7
140.9
140.9
139.55
138.65
136.4
134.71
134.26
133.36
133.36
139.66
153.16
162.16
165.31
163.96
161.15
157.55
153.05
152.6
150.35
148.1
146.3
145.4
144.05
142.7
141.35
140.45
139.1
137.75
136.85
136.4
133.81
133.36
136.06
139.21
154.96
178.81
191.86
190.06
184.21
179.15
174.2
170.6
167.45
164.75
162.05
159.8
157.55
155.75
152.6
152.15
150.8
149.45
148.1
146.75
143.71
142.81
141.91
141.91
145.06
157.21
168.46
172.51
168.01
163.96
159.8
158.9
156.2
154.4
152.6
150.8
149.45
147.65
146.3
144.95
144.05
142.7
141.35
140.45
139.55
136.96
134.71
134.71
134.26
141.01
156.76
169.81
173.41
169.36
165.31
162.95
159.8
156.65
154.4
152.6
151.25
149.9
147.65
146.75
145.85
144.5
143.6
142.25
140.9
139.21
136.96
136.06
135.16
135.61
141.01
159.46
168.01
169.36
162.16
161.71
158.9
155.75
153.05
151.25
149.45
148.1
147.2
145.85
144.95
143.6
142.7
141.8
140.0
139.55
136.06
135.16
134.26
134.26
134.71
143.26
163.96
172.96
171.16
166.66
162.95
158.9
155.75
153.05
151.25
149.9
147.65
147.2
145.85
144.95
143.15
141.8
140.9
140.0
137.75
135.61
134.26
133.81
132.91
132.91
139.21
151.81
159.91
159.01
155.86
153.5
150.8
148.1
146.3
144.05
142.7
141.35
140.45
139.1
138.2
137.3
135.95
135.5
134.15
133.7
131.56
129.76
128.86
128.86
127.96
135.16
141.46
143.26
140.56
138.76
137.3
136.4
135.05
133.25
131.9
131.45
130.55
129.65
129.2
128.3
127.4
126.5
126.05
125.15
124.7
122.56
122.11
121.21
120.31
119.86
118.96
118.96
118.06
117.61
117.5
117.5
117.05
116.6
116.15
115.25
114.8
114.35
113.9
113.45
113.0
112.55
112.1
111.65
111.2
110.75
109.06
108.61
108.61
108.16
107.26
106.81
106.81
105.91
105.46
105.8
105.8
105.8
104.9
104.9
104.9
104.45
104.0
103.55
103.55
103.1
102.65
102.2
102.2
101.75
101.41
100.06
100.06
99.61
99.16
99.16
98.71
98.71
98.71
98.26
98.71
98.6
98.15
98.15
97.25
97.25
96.8
96.8
96.8
96.35
95.9
95.9
95.45
95.45
95.0
94.21
93.76
93.31
93.31
93.31
92.86
92.86
92.41
92.41
92.41
92.41
92.3
92.3
92.3
91.85
91.85
91.85
91.4
90.95
90.95
90.95
90.5
90.5
90.05
90.05
89.26
89.26
88.36
88.81
88.36
88.36
87.91
87.91
87.91
88.36
88.25
87.8
87.8
87.8
87.35
87.35
87.35
87.35
86.9
86.9
86.9
86.45
86.45
86.0
86.45
85.66
85.66
85.66
84.76
85.21
85.21
84.76
84.76
84.76
85.1
84.76
84.65
85.1
84.65
84.65
84.65
84.2
84.2
84.2
84.2
83.75
83.75
83.75
83.3
83.41
82.96
82.96
82.51
82.96
82.51
82.06
82.51
82.06
82.51
82.4
82.4
82.4
81.95
82.4
81.95
81.95
81.95
81.95
81.5
81.5
81.5
81.5
81.5
81.5
81.16
80.71
80.71
80.71
80.71
80.71
80.71
80.26
80.26
80.26
80.15
80.6
80.15
80.15
80.15
80.15
79.7
79.7
79.7
79.7
79.7
79.7
79.25
79.25
79.25
79.36
78.91
78.91
78.91
78.91
78.91
78.91
78.46
78.46
78.46
78.35
78.8
78.8
78.35
78.35
78.35
78.35
78.35
78.35
78.35
78.35
77.9
77.9
77.9
77.56
77.56
77.56
77.56
77.56
77.56
77.56
77.11
77.56
77.56
77.56
77.45
77.45
77.45
77.45
77.45
77.45
77.45
77.45
77.0
77.0
77.0
77.0
77.0
77.0
77.11
76.21
76.21
76.21
76.66
76.21
76.21
92.41
124.81
140.9
140.45
134.15
128.75
124.25
119.75
119.3
117.5
116.15
114.8
113.45
112.1
111.2
109.85
109.4
108.95
108.5
108.5
111.76
131.0
170.26
183.76
187.36
196.36
218.41
221.56
216.95
209.75
203.0
198.05
193.55
189.95
186.35
183.2
180.05
177.35
175.1
171.95
171.05
169.25
167.0
166.1
163.96
165.76
180.61
212.11
230.11
239.56
255.31
267.01
265.1
254.75
244.85
234.5
232.7
228.2
224.15
221.0
218.3
215.6
212.9
210.2
207.95
206.15
203.45
201.2
198.5
194.11
193.55
222.01
230.56
246.31
259.36
276.35
279.05
273.2
262.85
255.65
249.35
244.85
240.8
237.2
233.15
229.1
226.4
221.45
220.55
217.4
214.7
211.55
209.3
207.16
204.01
210.76
227.41
249.46
255.76
264.2
278.71
280.51
275.0
262.4
259.7
253.85
248.9
244.85
241.25
238.1
235.4
231.8
229.1
226.85
223.7
221.0
217.85
215.15
210.31
211.21
219.31
240.91
258.01
258.46
267.01
279.95
281.3
275.0
266.45
259.25
253.85
248.9
245.3
241.7
238.55
234.5
233.6
230.9
228.2
225.5
222.35
219.65
216.95
210.76
210.31
218.86
247.55
262.96
269.71
279.61
290.41
218.41
217.51
218.41
233.71
261.61
273.2
273.31
285.91
297.61
295.25
286.7
277.25
270.95
264.65
260.6
257.0
252.05
251.15
248.45
245.3
242.15
239.45
237.65
234.5
232.25
228.65
221.56
226.96
242.71
268.36
272.41
278.71
297.05
295.7
290.3
281.75
274.55
268.7
263.75
259.25
255.65
252.05
248.9
245.75
243.05
239.9
237.2
234.5
229.55
228.65
222.46
218.86
221.56
240.01
266.56
276.46
290.3
297.05
289.51
283.1
275.9
270.05
265.1
261.05
254.3
252.95
249.35
246.65
243.95
241.25
238.1
235.4
232.25
229.1
225.95
221.11
222.01
231.01
253.06
271.06
284.45
289.51
300.76
296.71
288.5
279.5
270.95
265.55
261.95
258.8
256.1
253.4
250.7
248.45
245.75
243.5
238.55
237.65
233.6
230.45
223.81
225.16
234.61
258.01
272.41
279.16
293.11
299.86
295.25
285.35
277.25
270.5
262.4
261.05
257.9
255.2
252.5
249.8
247.1
244.4
241.7
239.45
237.2
234.5
230.9
224.71
226.51
242.26
275.11
276.01
280.4
292.1
298.4
293.9
284.45
276.8
270.5
266.0
261.95
258.8
256.1
252.95
250.25
247.55
243.5
242.6
240.35
237.2
234.05
230.45
224.71
228.31
243.61
271.06
271.96
280.51
295.25
293.9
286.25
278.71
268.25
266.45
261.95
258.35
254.75
251.15
247.55
244.85
241.7
238.55
235.85
232.7
229.55
226.85
225.05
219.31
240.91
252.16
272.41
271.96
282.76
294.35
292.1
284.45
275.9
269.6
264.2
259.7
256.1
252.95
250.25
247.55
243.05
242.15
239.9
236.75
234.5
230.9
227.75
224.15
219.76
230.11
255.76
268.7
275.45
285.01
298.85
292.55
277.25
274.1
268.7
264.2
260.15
257.0
253.4
250.25
247.1
244.4
241.7
239.45
237.2
234.5
231.8
228.65
221.11
223.36
235.51
267.46
276.35
282.76
294.35
297.95
292.1
282.2
274.55
269.6
265.1
261.5
257.9
254.75
248.45
247.1
243.05
239.9
236.3
233.6
230.45
227.75
222.91
219.76
224.26
242.71
261.61
262.85
267.35
281.75
286.25
284.0
275.45
267.8
262.4
258.8
255.2
252.05
248.9
246.2
243.05
239.45
237.2
234.05
231.35
228.2
221.56
221.9
219.31
223.36
245.41
269.71
270.05
278.6
290.3
288.95
282.2
273.65
266.45
260.15
255.65
251.6
246.2
244.85
242.15
239.45
236.75
234.5
231.8
229.55
226.85
224.15
220.66
216.61
223.36
247.21
265.66
269.26
287.6
290.3
287.6
279.95
271.4
264.2
258.8
255.2
252.5
249.8
247.1
244.85
242.15
239.45
237.2
234.95
230.9
230.0
226.85
221.56
222.01
234.16
259.7
271.4
277.36
288.16
293.56
290.3
281.75
272.75
266.0
261.05
255.65
254.3
251.6
248.45
246.2
243.95
241.7
239.0
236.75
234.5
230.9
226.96
223.36
226.06
238.55
256.66
268.7
269.71
281.75
287.6
284.0
275.0
267.35
261.05
257.45
253.4
250.25
247.55
244.85
241.7
238.55
236.75
232.7
231.8
228.65
225.5
221.11
219.76
225.61
240.46
262.96
267.35
276.35
290.86
292.1
284.45
275.45
269.15
260.6
259.25
254.75
250.7
248.0
244.85
242.15
239.9
237.65
235.4
232.7
229.55
225.95
222.01
220.66
225.61
258.91
268.81
275.9
289.85
295.7
293.0
285.8
276.8
269.15
263.3
259.25
256.1
252.95
250.25
247.55
244.4
239.45
238.55
235.85
232.7
229.55
226.4
222.8
222.46
230.56
258.01
271.51
276.46
288.61
298.51
294.35
284.45
270.05
267.35
261.95
258.35
255.65
252.95
249.35
247.1
244.4
241.7
239.0
236.75
234.05
231.35
227.41
222.46
236.86
242.26
262.96
268.36
269.71
281.75
292.55
290.75
281.41
274.1
267.8
262.4
259.25
256.1
253.4
250.25
246.2
245.3
242.15
239.45
237.2
234.05
230.45
225.5
224.26
227.86
240.01
263.86
271.06
276.46
289.4
291.2
279.95
276.8
269.6
263.75
258.8
255.2
252.5
248.45
245.3
242.6
239.9
237.2
234.05
231.35
228.2
225.5
222.01
222.91
232.81
249.91
265.1
267.46
278.26
292.66
293.45
288.95
279.95
272.3
266.45
261.95
257.45
253.85
248.45
247.55
244.4
241.25
237.65
234.95
232.25
228.65
226.4
221.9
219.76
228.76
257.11
269.71
271.96
282.65
294.35
292.55
284.9
275.9
268.25
261.5
257.0
253.85
251.15
248.9
246.65
243.95
241.7
239.45
236.75
234.05
228.2
227.3
220.66
221.11
232.36
258.01
267.01
270.16
280.51
289.96
288.05
279.5
271.85
266.0
261.05
256.55
250.7
249.35
246.65
243.95
241.25
238.55
235.85
233.15
230.45
226.85
223.7
218.86
226.06
243.61
264.31
266.11
275.11
281.86
290.86
290.3
281.3
273.2
266.45
261.05
257.0
252.95
250.25
247.55
244.85
242.6
239.9
237.65
233.15
231.8
229.1
222.46
223.36
226.96
243.61
270.05
273.31
281.86
293.56
293.9
288.05
278.6
270.95
265.1
257.9
256.1
252.5
249.35
246.65
243.5
240.8
238.1
235.4
232.7
229.55
226.85
222.91
224.26
231.91
253.51
265.55
267.01
273.31
283.55
284.0
279.05
270.95
264.2
259.7
254.75
250.7
247.1
244.4
241.7
238.55
235.85
231.35
230.0
227.3
224.6
221.9
217.51
221.56
233.26
251.26
264.76
269.71
280.4
288.05
284.9
276.35
268.7
258.8
257.45
252.95
249.8
246.65
243.95
241.7
238.55
236.3
234.05
231.8
229.55
226.85
221.11
218.86
220.21
255.31
262.06
268.7
271.85
283.1
290.75
287.6
278.6
270.5
264.65
260.15
256.55
253.4
250.25
247.55
244.4
240.35
239.45
236.75
234.05
231.8
229.1
225.16
220.66
225.61
246.76
267.01
269.26
275.45
286.7
290.75
286.25
272.75
270.05
264.65
259.7
256.55
253.85
250.7
248.0
245.75
243.05
240.35
238.1
235.85
233.15
230.45
226.51
227.86
233.26
253.96
270.16
271.4
277.25
289.4
291.65
285.35
275.9
267.8
262.4
258.8
255.2
252.05
249.35
245.3
244.4
242.15
239.45
236.75
233.6
230.0
227.3
222.01
219.31
228.76
257.11
271.4
274.55
285.35
294.35
287.15
284.0
275.9
269.15
263.3
259.25
256.55
253.85
251.15
248.45
246.2
243.5
241.25
238.55
235.4
232.7
224.71
223.81
227.86
239.56
262.96
270.61
275.0
285.8
296.15
292.1
283.1
275.0
269.6
265.1
261.5
257.45
251.15
250.25
247.55
244.85
242.6
239.45
236.75
234.05
230.0
226.51
223.81
228.31
244.51
266.56
269.15
274.21
292.21
293.11
290.75
281.75
273.65
266.9
262.4
258.8
255.2
252.5
249.8
247.1
244.85
242.15
239.45
236.75
231.35
230.45
225.61
225.61
230.11
248.56
267.01
265.1
270.5
285.35
286.7
281.75
273.2
266.9
261.95
257.45
252.05
250.7
248.0
245.3
242.15
239.9
237.2
234.05
231.35
228.65
225.5
220.21
222.01
230.11
248.56
263.86
270.5
275.9
288.5
290.3
283.1
274.1
266.45
260.6
256.55
252.95
249.35
245.75
243.05
239.9
237.65
235.4
230.45
230.0
227.3
223.7
217.96
217.96
228.76
255.65
265.21
266.56
278.6
286.81
285.91
277.25
270.05
264.65
257.0
255.65
252.05
248.0
245.3
242.6
239.9
237.2
234.95
232.7
229.55
225.95
222.01
217.51
222.91
233.71
260.71
260.71
267.01
277.81
284.56
281.3
272.3
264.2
258.35
2.52
0.0
0.0
0.0
0.0
0.0
0.0
234.05
233.15
230.9
227.75
224.6
219.65
216.16
219.76
244.06
267.01
267.91
272.3
284.56
288.16
284.45
275.45
264.2
262.85
258.35
254.3
251.15
248.45
245.75
242.15
239.45
237.2
234.95
232.25
229.55
226.06
224.26
222.46
219.76
218.86
216.61
214.81
213.01
210.76
208.96
207.61
205.81
204.01
202.21
200.86
199.51
197.71
196.36
195.46
192.76
192.31
190.96
189.61
188.71
186.91
185.56
184.21
182.86
181.51
180.61
178.81
177.91
176.56
174.76
173.86
172.06
171.16
169.81
167.56
166.66
165.76
164.41
163.51
162.16
161.26
160.36
159.01
158.56
157.66
156.76
156.31
155.41
154.96
154.51
153.16
152.71
151.36
150.46
149.56
148.66
148.21
146.86
146.41
145.51
144.61
143.26
142.36
141.01
141.46
140.56
139.66
138.76
138.31
137.86
136.96
136.51
135.61
135.16
134.71
134.26
133.81
132.91
132.46
131.11
131.11
130.66
129.76
129.31
128.86
128.41
127.96
127.51
127.06
126.16
125.71
125.26
125.26
124.81
123.91
123.46
123.01
122.56
122.11
121.66
121.21
120.31
120.31
119.86
119.41
118.96
118.51
118.06
117.61
117.16
116.71
116.26
115.81
115.36
114.91
114.46
114.01
114.01
113.56
113.11
112.66
112.66
112.21
111.76
111.31
111.31
110.86
109.96
109.96
109.96
109.51
109.06
108.61
108.61
108.16
108.16
107.71
107.26
107.26
106.81
106.81
106.36
106.36
105.91
106.36
105.8
105.35
105.35
104.9
104.9
104.45
104.0
104.0
104.0
103.55
103.55
103.1
102.76
102.76
102.76
102.31
101.86
101.86
101.86
101.41
100.96
100.96
100.96
100.51
100.06
99.61
99.61
99.16
99.16
99.16
98.71
98.71
98.26
98.26
97.81
97.81
97.36
97.36
96.91
96.91
96.46
96.46
96.01
96.01
95.56
95.56
95.11
95.11
95.11
95.11
94.66
94.66
94.21
94.21
94.21
93.76
93.76
93.31
93.31
93.31
93.31
92.86
92.86
92.86
92.41
92.41
92.41
91.96
91.96
91.96
91.51
91.51
91.06
91.06
91.06
91.06
90.95
90.5
90.5
90.05
90.05
90.05
89.6
89.6
89.6
89.6
89.15
89.15
89.15
88.7
88.7
88.7
88.25
88.25
88.25
87.8
88.25
87.8
87.8
87.8
87.35
87.35
87.35
86.9
87.35
86.9
86.9
86.45
86.45
86.45
86.0
86.45
86.0
86.0
86.0
86.0
85.55
85.55
85.55
85.55
85.55
85.55
85.1
85.1
85.1
85.1
84.65
84.65
84.65
84.2
84.2
84.2
84.2
84.2
83.75
83.75
83.75
83.75
83.75
83.75
83.3
83.3
83.3
83.3
83.3
83.3
82.85
82.85
82.85
82.85
82.85
82.85
82.4
82.4
82.4
82.4
82.4
82.4
81.95
81.95
81.95
81.95
81.95
81.95
81.95
81.95
81.5
81.5
81.5
81.5
81.5
81.5
81.5
81.05
81.05
81.05
81.05
81.05
80.6
80.6
80.6
80.6
80.15
80.6
80.15
80.15
80.15
80.15
80.15
80.15
79.7
79.7
79.7
79.7
79.7
79.7
79.7
79.7
79.25
79.25
79.25
79.25
79.25
79.25
79.25
78.8
78.8
78.8
78.8
78.8
78.8
78.8
78.8
78.8
78.35
78.35
78.35
78.35
77.9
78.35
78.35
78.35
77.9
77.9
78.35
77.9
77.9
77.9
77.9
77.9
77.9
77.45
77.9
77.45
77.45
77.45
77.45
77.45
77.45
77.45
77.0
77.45
77.0
77.0
77.0
77.0
77.0
77.0
77.0
76.55
77.0
76.55
76.55
76.55
76.55
76.55
76.55
76.55
76.55
76.55
76.55
76.1
76.1
76.1
76.1
76.1
76.1
76.1
76.1
76.1
75.65
76.1
75.65
76.1
75.65
75.65
75.65
75.65
75.65
75.65
75.65
75.65
75.65
75.65
75.65
75.65
75.2
75.2
75.2
75.2
75.2
75.2
75.2
75.2
75.2
75.2
75.2
75.2
75.2
75.2
75.2
75.2
75.2
74.75
75.2
75.2
74.75
74.75
74.75
74.75
74.75
74.75
74.75
74.75
74.75
74.75
74.75
74.75
74.75
74.75
74.75
74.3
74.3
74.75
74.3
74.3
74.3
74.3
74.75
74.3
74.3
74.3
74.3
74.3
74.3
74.3
74.3
74.3
74.3
74.3
74.3
74.3
74.3
74.3
74.3
73.85
74.3
73.85
73.85
73.85
73.85
73.85
73.85
73.85
73.85
73.85
73.85
73.85
73.85
73.85
73.85
73.85
73.85
73.85
73.85
73.4
73.4
73.85
73.4
73.4
73.85
73.85
73.85
73.4
73.4
73.4
73.4
73.4
73.4
73.4
73.4
73.4
73.4
73.4
73.4
73.4
73.4
73.4
73.4
73.4
73.4
73.4
73.4
72.95
73.4
73.4
73.4
72.95
73.4
72.95
72.95
72.95
73.4
72.95
72.95
72.95
72.95
72.95
72.95
72.95
72.95
72.95
72.95
72.95
72.95
72.95
72.95
72.95
72.95
72.95
72.95
72.95
72.95
72.95
72.95
72.95
72.95
72.95
72.5
72.95
72.5
72.95
72.5
72.5
72.95
72.5
72.5
72.5
72.5
72.5
72.5
72.5
72.5
72.5
72.5
72.5
72.5
72.5
72.5
72.5
72.5
72.5
72.5
72.5
72.05
72.5
72.5
72.5
72.5
72.5
72.5
72.5
